NavierStokes-V1.1
3
Variable 1
Variable 2
Variable 3
3
0
0
0 0 0 
1 1 1 

((0,0,0) (127,127,127) (0,0,0)) 
0 
0.0078125 0.0078125 0.0078125 
0
0
0 64 0
0
0 0.25
0 0.25
0 0.25
0.75 1
0 0.25
0 0.25
0.5 0.75
0 0.25
0 0.25
0.25 0.5
0 0.25
0 0.25
0 0.25
0.75 1
0 0.25
0 0.25
0.5 0.75
0 0.25
0 0.25
0.25 0.5
0 0.25
0 0.25
0 0.25
0.75 1
0 0.25
0 0.25
0.5 0.75
0 0.25
0 0.25
0.25 0.5
0.75 1
0.75 1
0 0.25
0.75 1
0.5 0.75
0 0.25
0.75 1
0.25 0.5
0 0.25
0.75 1
0 0.25
0.75 1
0.75 1
0 0.25
0.5 0.75
0.75 1
0 0.25
0.25 0.5
0.5 0.75
0.75 1
0 0.25
0.5 0.75
0.5 0.75
0 0.25
0.5 0.75
0.25 0.5
0 0.25
0.5 0.75
0 0.25
0.75 1
0.5 0.75
0 0.25
0.5 0.75
0.5 0.75
0 0.25
0.25 0.5
0.25 0.5
0.75 1
0 0.25
0.25 0.5
0.5 0.75
0 0.25
0.25 0.5
0.25 0.5
0 0.25
0.25 0.5
0 0.25
0.75 1
0.25 0.5
0 0.25
0.5 0.75
0.25 0.5
0 0.25
0.25 0.5
0 0.25
0.75 1
0.75 1
0 0.25
0.75 1
0.5 0.75
0 0.25
0.75 1
0.25 0.5
0 0.25
0.5 0.75
0.75 1
0 0.25
0.5 0.75
0.5 0.75
0 0.25
0.5 0.75
0.25 0.5
0 0.25
0.25 0.5
0.75 1
0 0.25
0.25 0.5
0.5 0.75
0 0.25
0.25 0.5
0.25 0.5
0.75 1
0.75 1
0.75 1
0.75 1
0.75 1
0.5 0.75
0.75 1
0.75 1
0.25 0.5
0.75 1
0.5 0.75
0.75 1
0.75 1
0.5 0.75
0.5 0.75
0.75 1
0.5 0.75
0.25 0.5
0.75 1
0.25 0.5
0.75 1
0.75 1
0.25 0.5
0.5 0.75
0.75 1
0.25 0.5
0.25 0.5
0.5 0.75
0.75 1
0.75 1
0.5 0.75
0.75 1
0.5 0.75
0.5 0.75
0.75 1
0.25 0.5
0.5 0.75
0.5 0.75
0.75 1
0.5 0.75
0.5 0.75
0.5 0.75
0.5 0.75
0.5 0.75
0.25 0.5
0.5 0.75
0.25 0.5
0.75 1
0.5 0.75
0.25 0.5
0.5 0.75
0.5 0.75
0.25 0.5
0.25 0.5
0.25 0.5
0.75 1
0.75 1
0.25 0.5
0.75 1
0.5 0.75
0.25 0.5
0.75 1
0.25 0.5
0.25 0.5
0.5 0.75
0.75 1
0.25 0.5
0.5 0.75
0.5 0.75
0.25 0.5
0.5 0.75
0.25 0.5
0.25 0.5
0.25 0.5
0.75 1
0.25 0.5
0.25 0.5
0.5 0.75
0.25 0.5
0.25 0.5
0.25 0.5
Level_0/Cell
