1
1
3
0
(64 0
((0,0,0) (31,31,31) (0,0,0))
((96,0,0) (127,31,31) (0,0,0))
((64,0,0) (95,31,31) (0,0,0))
((32,0,0) (63,31,31) (0,0,0))
((0,96,0) (31,127,31) (0,0,0))
((0,64,0) (31,95,31) (0,0,0))
((0,32,0) (31,63,31) (0,0,0))
((0,0,96) (31,31,127) (0,0,0))
((0,0,64) (31,31,95) (0,0,0))
((0,0,32) (31,31,63) (0,0,0))
((96,96,0) (127,127,31) (0,0,0))
((96,64,0) (127,95,31) (0,0,0))
((96,32,0) (127,63,31) (0,0,0))
((96,0,96) (127,31,127) (0,0,0))
((96,0,64) (127,31,95) (0,0,0))
((96,0,32) (127,31,63) (0,0,0))
((64,96,0) (95,127,31) (0,0,0))
((64,64,0) (95,95,31) (0,0,0))
((64,32,0) (95,63,31) (0,0,0))
((64,0,96) (95,31,127) (0,0,0))
((64,0,64) (95,31,95) (0,0,0))
((64,0,32) (95,31,63) (0,0,0))
((32,96,0) (63,127,31) (0,0,0))
((32,64,0) (63,95,31) (0,0,0))
((32,32,0) (63,63,31) (0,0,0))
((32,0,96) (63,31,127) (0,0,0))
((32,0,64) (63,31,95) (0,0,0))
((32,0,32) (63,31,63) (0,0,0))
((0,96,96) (31,127,127) (0,0,0))
((0,96,64) (31,127,95) (0,0,0))
((0,96,32) (31,127,63) (0,0,0))
((0,64,96) (31,95,127) (0,0,0))
((0,64,64) (31,95,95) (0,0,0))
((0,64,32) (31,95,63) (0,0,0))
((0,32,96) (31,63,127) (0,0,0))
((0,32,64) (31,63,95) (0,0,0))
((0,32,32) (31,63,63) (0,0,0))
((96,96,96) (127,127,127) (0,0,0))
((96,96,64) (127,127,95) (0,0,0))
((96,96,32) (127,127,63) (0,0,0))
((96,64,96) (127,95,127) (0,0,0))
((96,64,64) (127,95,95) (0,0,0))
((96,64,32) (127,95,63) (0,0,0))
((96,32,96) (127,63,127) (0,0,0))
((96,32,64) (127,63,95) (0,0,0))
((96,32,32) (127,63,63) (0,0,0))
((64,96,96) (95,127,127) (0,0,0))
((64,96,64) (95,127,95) (0,0,0))
((64,96,32) (95,127,63) (0,0,0))
((64,64,96) (95,95,127) (0,0,0))
((64,64,64) (95,95,95) (0,0,0))
((64,64,32) (95,95,63) (0,0,0))
((64,32,96) (95,63,127) (0,0,0))
((64,32,64) (95,63,95) (0,0,0))
((64,32,32) (95,63,63) (0,0,0))
((32,96,96) (63,127,127) (0,0,0))
((32,96,64) (63,127,95) (0,0,0))
((32,96,32) (63,127,63) (0,0,0))
((32,64,96) (63,95,127) (0,0,0))
((32,64,64) (63,95,95) (0,0,0))
((32,64,32) (63,95,63) (0,0,0))
((32,32,96) (63,63,127) (0,0,0))
((32,32,64) (63,63,95) (0,0,0))
((32,32,32) (63,63,63) (0,0,0))
)
64
FabOnDisk: Cell_D_00000 0
FabOnDisk: Cell_D_00000 786521
FabOnDisk: Cell_D_00000 1573044
FabOnDisk: Cell_D_00000 2359566
FabOnDisk: Cell_D_00000 3146088
FabOnDisk: Cell_D_00000 3932611
FabOnDisk: Cell_D_00000 4719133
FabOnDisk: Cell_D_00000 5505655
FabOnDisk: Cell_D_00000 6292178
FabOnDisk: Cell_D_00000 7078700
FabOnDisk: Cell_D_00000 7865222
FabOnDisk: Cell_D_00000 8651747
FabOnDisk: Cell_D_00000 9438271
FabOnDisk: Cell_D_00000 10224795
FabOnDisk: Cell_D_00000 11011320
FabOnDisk: Cell_D_00000 11797844
FabOnDisk: Cell_D_00000 12584368
FabOnDisk: Cell_D_00000 13370892
FabOnDisk: Cell_D_00000 14157415
FabOnDisk: Cell_D_00000 14943938
FabOnDisk: Cell_D_00000 15730462
FabOnDisk: Cell_D_00000 16516985
FabOnDisk: Cell_D_00000 17303508
FabOnDisk: Cell_D_00000 18090032
FabOnDisk: Cell_D_00000 18876555
FabOnDisk: Cell_D_00000 19663078
FabOnDisk: Cell_D_00000 20449602
FabOnDisk: Cell_D_00000 21236125
FabOnDisk: Cell_D_00000 22022648
FabOnDisk: Cell_D_00000 22809173
FabOnDisk: Cell_D_00000 23595697
FabOnDisk: Cell_D_00000 24382221
FabOnDisk: Cell_D_00000 25168745
FabOnDisk: Cell_D_00000 25955268
FabOnDisk: Cell_D_00000 26741791
FabOnDisk: Cell_D_00000 27528315
FabOnDisk: Cell_D_00000 28314838
FabOnDisk: Cell_D_00000 29101361
FabOnDisk: Cell_D_00000 29887888
FabOnDisk: Cell_D_00000 30674414
FabOnDisk: Cell_D_00000 31460940
FabOnDisk: Cell_D_00000 32247466
FabOnDisk: Cell_D_00000 33033991
FabOnDisk: Cell_D_00000 33820516
FabOnDisk: Cell_D_00000 34607042
FabOnDisk: Cell_D_00000 35393567
FabOnDisk: Cell_D_00000 36180092
FabOnDisk: Cell_D_00000 36966618
FabOnDisk: Cell_D_00000 37753143
FabOnDisk: Cell_D_00000 38539668
FabOnDisk: Cell_D_00000 39326193
FabOnDisk: Cell_D_00000 40112717
FabOnDisk: Cell_D_00000 40899241
FabOnDisk: Cell_D_00000 41685766
FabOnDisk: Cell_D_00000 42472290
FabOnDisk: Cell_D_00000 43258814
FabOnDisk: Cell_D_00000 44045340
FabOnDisk: Cell_D_00000 44831865
FabOnDisk: Cell_D_00000 45618390
FabOnDisk: Cell_D_00000 46404915
FabOnDisk: Cell_D_00000 47191439
FabOnDisk: Cell_D_00000 47977963
FabOnDisk: Cell_D_00000 48764488
FabOnDisk: Cell_D_00000 49551012

64,3
-7.0611271138059486e+00,-7.0611271138059459e+00,-7.0611271138059486e+00,
-7.0611271138060143e+00,-3.0543889399310515e+00,-3.0543889399310444e+00,
-7.8084949702783102e-01,-7.8104077150551254e-01,-7.8104077150551277e-01,
-7.8084949702774775e-01,-6.2687535959347436e+00,-6.2687535959347418e+00,
-3.0543889399310444e+00,-7.0611271138060152e+00,-3.0543889399310444e+00,
-7.8104077150551210e-01,-7.8084949702783146e-01,-7.8104077150551210e-01,
-6.2687535959347418e+00,-7.8084949702774809e-01,-6.2687535959347400e+00,
-3.0543889399310551e+00,-3.0543889399310444e+00,-7.0611271138060125e+00,
-7.8104077150551199e-01,-7.8104077150551254e-01,-7.8084949702783102e-01,
-6.2687535959347400e+00,-6.2687535959347436e+00,-7.8084949702774775e-01,
-3.0543889399308952e+00,-3.0543889399308988e+00,-7.0611271138059486e+00,
-7.8104077150534268e-01,-6.2686890483128428e+00,-6.2687535959347418e+00,
-6.2687535959344576e+00,-6.2686890483128757e+00,-7.8104077150551277e-01,
-3.0543889399308952e+00,-7.0611271138059486e+00,-3.0543889399308952e+00,
-7.8104077150534224e-01,-6.2687535959347436e+00,-6.2686890483128455e+00,
-6.2687535959344558e+00,-7.8104077150551254e-01,-6.2686890483128792e+00,
-6.2686890483128446e+00,-7.8104077150534179e-01,-6.2687535959347418e+00,
-7.0609128549083238e+00,-7.0609128549083264e+00,-7.0611581974845823e+00,
-3.0544177667292018e+00,-7.0609128549083380e+00,-3.0544319998520635e+00,
-6.2686890483128437e+00,-6.2687535959347418e+00,-7.8104077150534246e-01,
-7.0609128549083264e+00,-7.0611581974845858e+00,-7.0609128549083264e+00,
-3.0544177667291983e+00,-3.0544319998520706e+00,-7.0609128549083389e+00,
-6.2686890483128765e+00,-6.2687535959344558e+00,-7.8104077150551277e-01,
-7.0609128549083380e+00,-3.0544177667291947e+00,-3.0544319998520777e+00,
-3.0544177667288039e+00,-3.0544177667288075e+00,-7.0611581974845867e+00,
-6.2686890483128774e+00,-7.8104077150551232e-01,-6.2687535959344594e+00,
-7.0609128549083380e+00,-3.0544319998520741e+00,-3.0544177667292018e+00,
-3.0544177667288110e+00,-7.0611581974845841e+00,-3.0544177667287968e+00,
-7.0611271138059468e+00,-3.0543889399308917e+00,-3.0543889399309023e+00,
-6.2687535959347418e+00,-7.8104077150534224e-01,-6.2686890483128472e+00,
-7.8104077150551254e-01,-6.2687535959344558e+00,-6.2686890483128810e+00,
-6.2687535959347418e+00,-6.2686890483128472e+00,-7.8104077150534212e-01,
-7.0611581974845867e+00,-7.0609128549083273e+00,-7.0609128549083291e+00,
-3.0544319998520777e+00,-3.0544177667292018e+00,-7.0609128549083398e+00,
-7.8104077150551221e-01,-6.2686890483128792e+00,-6.2687535959344611e+00,
-3.0544319998520706e+00,-7.0609128549083398e+00,-3.0544177667291947e+00,
-7.0611581974845841e+00,-3.0544177667288004e+00,-3.0544177667288039e+00,
-7.0611271138060161e+00,-7.0611271138060152e+00,-7.0611271138060170e+00,
-6.2687535959344585e+00,-6.2687535959344594e+00,-7.8084949702783135e-01,
-7.8104077150534201e-01,-7.8104077150534246e-01,-7.8084949702774797e-01,
-6.2687535959344585e+00,-7.8084949702783113e-01,-6.2687535959344558e+00,
-7.0611581974846098e+00,-3.0544177667292089e+00,-3.0544177667292054e+00,
-3.0544319998521736e+00,-7.0609128549083238e+00,-3.0544177667288039e+00,
-7.8104077150534246e-01,-7.8084949702774786e-01,-7.8104077150534224e-01,
-3.0544319998521772e+00,-3.0544177667288075e+00,-7.0609128549083273e+00,
-7.0611581974846125e+00,-7.0609128549083362e+00,-7.0609128549083398e+00,
-7.8084949702783091e-01,-6.2687535959344594e+00,-6.2687535959344576e+00,
-3.0544177667292054e+00,-7.0611581974846107e+00,-3.0544177667291947e+00,
-7.0609128549083247e+00,-3.0544319998521736e+00,-3.0544177667288004e+00,
-3.0544177667292089e+00,-3.0544177667291983e+00,-7.0611581974846107e+00,
-7.8090252591066966e-01,-7.8090252591066989e-01,-7.8090252591067022e-01,
-6.2686893249260436e+00,-6.2686893249260436e+00,-7.8090252591064169e-01,
-7.0609128549083238e+00,-3.0544177667288039e+00,-3.0544319998521736e+00,
-6.2686893249260445e+00,-7.8090252591064158e-01,-6.2686893249260471e+00,
-7.8090252591066978e-01,-6.2686893249260827e+00,-6.2686893249260862e+00,
-7.8084949702774753e-01,-7.8104077150534201e-01,-7.8104077150534212e-01,
-3.0544177667288004e+00,-3.0544319998521701e+00,-7.0609128549083273e+00,
-7.0609128549083362e+00,-7.0611581974846143e+00,-7.0609128549083398e+00,
-3.0544177667288110e+00,-7.0609128549083264e+00,-3.0544319998521736e+00,
-7.8090252591064124e-01,-6.2686893249260471e+00,-6.2686893249260489e+00,
-6.2686893249260827e+00,-7.8090252591066989e-01,-6.2686893249260889e+00,
-7.0609128549083371e+00,-7.0609128549083398e+00,-7.0611581974846143e+00,
-6.2686893249260844e+00,-6.2686893249260862e+00,-7.8090252591066955e-01,
-7.8090252591064147e-01,-7.8090252591064147e-01,-7.8090252591064102e-01,

64,3
3.0543889399308917e+00,3.0543889399308988e+00,3.0543889399308881e+00,
3.0543889399310480e+00,7.0611271138060108e+00,7.0611271138060081e+00,
6.2686890483128792e+00,6.2687535959344567e+00,6.2687535959344558e+00,
6.2686890483128463e+00,7.8104077150534157e-01,7.8104077150534135e-01,
7.0611271138060108e+00,3.0543889399310480e+00,7.0611271138060134e+00,
6.2687535959344567e+00,6.2686890483128774e+00,6.2687535959344594e+00,
7.8104077150534201e-01,6.2686890483128437e+00,7.8104077150534201e-01,
7.0611271138060125e+00,7.0611271138060125e+00,3.0543889399310480e+00,
6.2687535959344585e+00,6.2687535959344540e+00,6.2686890483128774e+00,
7.8104077150534168e-01,7.8104077150534157e-01,6.2686890483128463e+00,
7.0611271138059495e+00,7.0611271138059486e+00,3.0543889399308952e+00,
6.2687535959347427e+00,7.8084949702774831e-01,7.8104077150534179e-01,
7.8104077150551310e-01,7.8084949702783146e-01,6.2687535959344558e+00,
7.0611271138059539e+00,3.0543889399308988e+00,7.0611271138059495e+00,
6.2687535959347436e+00,7.8104077150534168e-01,7.8084949702774797e-01,
7.8104077150551321e-01,6.2687535959344576e+00,7.8084949702783102e-01,
7.8084949702774786e-01,6.2687535959347418e+00,7.8104077150534157e-01,
3.0544177667287968e+00,3.0544177667288110e+00,3.0544319998521772e+00,
7.0609128549083398e+00,3.0544177667292018e+00,7.0611581974846107e+00,
7.8084949702774797e-01,7.8104077150534201e-01,6.2687535959347382e+00,
3.0544177667288075e+00,3.0544319998521807e+00,3.0544177667288039e+00,
7.0609128549083380e+00,7.0611581974846107e+00,3.0544177667292089e+00,
7.8084949702783113e-01,7.8104077150551343e-01,6.2687535959344585e+00,
3.0544177667292089e+00,7.0609128549083398e+00,7.0611581974846089e+00,
7.0609128549083264e+00,7.0609128549083264e+00,3.0544319998521736e+00,
7.8084949702783124e-01,6.2687535959344540e+00,7.8104077150551243e-01,
3.0544177667292054e+00,7.0611581974846125e+00,7.0609128549083389e+00,
7.0609128549083255e+00,3.0544319998521701e+00,7.0609128549083264e+00,
3.0543889399308810e+00,7.0611271138059486e+00,7.0611271138059442e+00,
7.8104077150534179e-01,6.2687535959347453e+00,7.8084949702774797e-01,
6.2687535959344567e+00,7.8104077150551321e-01,7.8084949702783124e-01,
7.8104077150534168e-01,7.8084949702774753e-01,6.2687535959347418e+00,
3.0544319998521843e+00,3.0544177667288004e+00,3.0544177667288110e+00,
7.0611581974846107e+00,7.0609128549083389e+00,3.0544177667292054e+00,
6.2687535959344594e+00,7.8084949702783080e-01,7.8104077150551243e-01,
7.0611581974846143e+00,3.0544177667292161e+00,7.0609128549083371e+00,
3.0544319998521594e+00,7.0609128549083255e+00,7.0609128549083255e+00,
3.0543889399310480e+00,3.0543889399310409e+00,3.0543889399310409e+00,
7.8104077150551343e-01,7.8104077150551321e-01,6.2686890483128757e+00,
6.2687535959347436e+00,6.2687535959347418e+00,6.2686890483128428e+00,
7.8104077150551310e-01,6.2686890483128757e+00,7.8104077150551343e-01,
3.0544319998520706e+00,7.0609128549083398e+00,7.0609128549083344e+00,
7.0611581974845841e+00,3.0544177667287897e+00,7.0609128549083220e+00,
6.2687535959347436e+00,6.2686890483128419e+00,6.2687535959347400e+00,
7.0611581974845858e+00,7.0609128549083282e+00,3.0544177667288110e+00,
3.0544319998520777e+00,3.0544177667292089e+00,3.0544177667292054e+00,
6.2686890483128765e+00,7.8104077150551277e-01,7.8104077150551243e-01,
7.0609128549083371e+00,3.0544319998520741e+00,7.0609128549083362e+00,
3.0544177667288075e+00,7.0611581974845841e+00,7.0609128549083220e+00,
7.0609128549083389e+00,7.0609128549083371e+00,3.0544319998520706e+00,
6.2686893249260844e+00,6.2686893249260827e+00,6.2686893249260827e+00,
7.8090252591064158e-01,7.8090252591064147e-01,6.2686893249260427e+00,
3.0544177667288039e+00,7.0609128549083238e+00,7.0611581974845805e+00,
7.8090252591064102e-01,6.2686893249260445e+00,7.8090252591064102e-01,
6.2686893249260862e+00,7.8090252591066978e-01,7.8090252591066933e-01,
6.2686890483128437e+00,6.2687535959347453e+00,6.2687535959347418e+00,
7.0609128549083238e+00,7.0611581974845894e+00,3.0544177667288004e+00,
3.0544177667292018e+00,3.0544319998520741e+00,3.0544177667292018e+00,
7.0609128549083273e+00,3.0544177667288110e+00,7.0611581974845850e+00,
6.2686893249260445e+00,7.8090252591064058e-01,7.8090252591064147e-01,
7.8090252591067000e-01,6.2686893249260844e+00,7.8090252591066978e-01,
3.0544177667292054e+00,3.0544177667292054e+00,3.0544319998520777e+00,
7.8090252591066933e-01,7.8090252591066878e-01,6.2686893249260853e+00,
6.2686893249260480e+00,6.2686893249260454e+00,6.2686893249260471e+00,

