Using Dirichlet or Neumann boundary conditions.
Grid resolution : 128 (cells)
Domain size     : 1 (length unit) 
Max_grid_size   : 32 (cells)
Number of grids : 64
Sum of RHS      : -3.72098185597025e-16
----------------------------------------
Solving with BoxLib C++ solver 
           0             0             0             2    -1.00000000000000     
           0             2             0             2    -1.00000000000000     
           0             4             0             2    -1.00000000000000     
           0             6             0             2    -1.00000000000000     
           0             8             0             2    -1.00000000000000     
           0            10             0             2    -1.00000000000000     
           0            12             0             2    -1.00000000000000     
           0            14             0             2    -1.00000000000000     
           0            16             0             2    -1.00000000000000     
           0            18             0             2    -1.00000000000000     
           0            20             0             2    -1.00000000000000     
           0            22             0             2    -1.00000000000000     
           0            24             0             2    -1.00000000000000     
           0            26             0             2    -1.00000000000000     
           0            28             0             2    -1.00000000000000     
           0            30             0             2    -1.00000000000000     
           0             1             1             2    -1.00000000000000     
           0             3             1             2    -1.00000000000000     
           0             5             1             2    -1.00000000000000     
           0             7             1             2    -1.00000000000000     
           0             9             1             2    -1.00000000000000     
           0            11             1             2    -1.00000000000000     
           0            13             1             2    -1.00000000000000     
           0            15             1             2    -1.00000000000000     
           0            17             1             2    -1.00000000000000     
           0            19             1             2    -1.00000000000000     
           0            21             1             2    -1.00000000000000     
           0            23             1             2    -1.00000000000000     
           0            25             1             2    -1.00000000000000     
           0            27             1             2    -1.00000000000000     
           0            29             1             2    -1.00000000000000     
           0            31             1             2    -1.00000000000000     
           0             0             2             2    -1.00000000000000     
           0             2             2             2    -1.00000000000000     
           0             4             2             2    -1.00000000000000     
           0             6             2             2    -1.00000000000000     
           0             8             2             2    -1.00000000000000     
           0            10             2             2    -1.00000000000000     
           0            12             2             2    -1.00000000000000     
           0            14             2             2    -1.00000000000000     
           0            16             2             2    -1.00000000000000     
           0            18             2             2    -1.00000000000000     
           0            20             2             2    -1.00000000000000     
           0            22             2             2    -1.00000000000000     
           0            24             2             2    -1.00000000000000     
           0            26             2             2    -1.00000000000000     
           0            28             2             2    -1.00000000000000     
           0            30             2             2    -1.00000000000000     
           0             1             3             2    -1.00000000000000     
           0             3             3             2    -1.00000000000000     
           0             5             3             2    -1.00000000000000     
           0             7             3             2    -1.00000000000000     
           0             9             3             2    -1.00000000000000     
           0            11             3             2    -1.00000000000000     
           0            13             3             2    -1.00000000000000     
           0            15             3             2    -1.00000000000000     
           0            17             3             2    -1.00000000000000     
           0            19             3             2    -1.00000000000000     
           0            21             3             2    -1.00000000000000     
           0            23             3             2    -1.00000000000000     
           0            25             3             2    -1.00000000000000     
           0            27             3             2    -1.00000000000000     
           0            29             3             2    -1.00000000000000     
           0            31             3             2    -1.00000000000000     
           0             0             4             2    -1.00000000000000     
           0             2             4             2    -1.00000000000000     
           0             4             4             2    -1.00000000000000     
           0             6             4             2    -1.00000000000000     
           0             8             4             2    -1.00000000000000     
           0            10             4             2    -1.00000000000000     
           0            12             4             2    -1.00000000000000     
           0            14             4             2    -1.00000000000000     
           0            16             4             2    -1.00000000000000     
           0            18             4             2    -1.00000000000000     
           0            20             4             2    -1.00000000000000     
           0            22             4             2    -1.00000000000000     
           0            24             4             2    -1.00000000000000     
           0            26             4             2    -1.00000000000000     
           0            28             4             2    -1.00000000000000     
           0            30             4             2    -1.00000000000000     
           0             1             5             2    -1.00000000000000     
           0             3             5             2    -1.00000000000000     
           0             5             5             2    -1.00000000000000     
           0             7             5             2    -1.00000000000000     
           0             9             5             2    -1.00000000000000     
           0            11             5             2    -1.00000000000000     
           0            13             5             2    -1.00000000000000     
           0            15             5             2    -1.00000000000000     
           0            17             5             2    -1.00000000000000     
           0            19             5             2    -1.00000000000000     
           0            21             5             2    -1.00000000000000     
           0            23             5             2    -1.00000000000000     
           0            25             5             2    -1.00000000000000     
           0            27             5             2    -1.00000000000000     
           0            29             5             2    -1.00000000000000     
           0            31             5             2    -1.00000000000000     
           0             0             6             2    -1.00000000000000     
           0             2             6             2    -1.00000000000000     
           0             4             6             2    -1.00000000000000     
           0             6             6             2    -1.00000000000000     
           0             8             6             2    -1.00000000000000     
           0            10             6             2    -1.00000000000000     
           0            12             6             2    -1.00000000000000     
           0            14             6             2    -1.00000000000000     
           0            16             6             2    -1.00000000000000     
           0            18             6             2    -1.00000000000000     
           0            20             6             2    -1.00000000000000     
           0            22             6             2    -1.00000000000000     
           0            24             6             2    -1.00000000000000     
           0            26             6             2    -1.00000000000000     
           0            28             6             2    -1.00000000000000     
           0            30             6             2    -1.00000000000000     
           0             1             7             2    -1.00000000000000     
           0             3             7             2    -1.00000000000000     
           0             5             7             2    -1.00000000000000     
           0             7             7             2    -1.00000000000000     
           0             9             7             2    -1.00000000000000     
           0            11             7             2    -1.00000000000000     
           0            13             7             2    -1.00000000000000     
           0            15             7             2    -1.00000000000000     
           0            17             7             2    -1.00000000000000     
           0            19             7             2    -1.00000000000000     
           0            21             7             2    -1.00000000000000     
           0            23             7             2    -1.00000000000000     
           0            25             7             2    -1.00000000000000     
           0            27             7             2    -1.00000000000000     
           0            29             7             2    -1.00000000000000     
           0            31             7             2    -1.00000000000000     
           0             0             8             2    -1.00000000000000     
           0             2             8             2    -1.00000000000000     
           0             4             8             2    -1.00000000000000     
           0             6             8             2    -1.00000000000000     
           0             8             8             2    -1.00000000000000     
           0            10             8             2    -1.00000000000000     
           0            12             8             2    -1.00000000000000     
           0            14             8             2    -1.00000000000000     
           0            16             8             2    -1.00000000000000     
           0            18             8             2    -1.00000000000000     
           0            20             8             2    -1.00000000000000     
           0            22             8             2    -1.00000000000000     
           0            24             8             2    -1.00000000000000     
           0            26             8             2    -1.00000000000000     
           0            28             8             2    -1.00000000000000     
           0            30             8             2    -1.00000000000000     
           0             1             9             2    -1.00000000000000     
           0             3             9             2    -1.00000000000000     
           0             5             9             2    -1.00000000000000     
           0             7             9             2    -1.00000000000000     
           0             9             9             2    -1.00000000000000     
           0            11             9             2    -1.00000000000000     
           0            13             9             2    -1.00000000000000     
           0            15             9             2    -1.00000000000000     
           0            17             9             2    -1.00000000000000     
           0            19             9             2    -1.00000000000000     
           0            21             9             2    -1.00000000000000     
           0            23             9             2    -1.00000000000000     
           0            25             9             2    -1.00000000000000     
           0            27             9             2    -1.00000000000000     
           0            29             9             2    -1.00000000000000     
           0            31             9             2    -1.00000000000000     
           0             0            10             2    -1.00000000000000     
           0             2            10             2    -1.00000000000000     
           0             4            10             2    -1.00000000000000     
           0             6            10             2    -1.00000000000000     
           0             8            10             2    -1.00000000000000     
           0            10            10             2    -1.00000000000000     
           0            12            10             2    -1.00000000000000     
           0            14            10             2    -1.00000000000000     
           0            16            10             2    -1.00000000000000     
           0            18            10             2    -1.00000000000000     
           0            20            10             2    -1.00000000000000     
           0            22            10             2    -1.00000000000000     
           0            24            10             2    -1.00000000000000     
           0            26            10             2    -1.00000000000000     
           0            28            10             2    -1.00000000000000     
           0            30            10             2    -1.00000000000000     
           0             1            11             2    -1.00000000000000     
           0             3            11             2    -1.00000000000000     
           0             5            11             2    -1.00000000000000     
           0             7            11             2    -1.00000000000000     
           0             9            11             2    -1.00000000000000     
           0            11            11             2    -1.00000000000000     
           0            13            11             2    -1.00000000000000     
           0            15            11             2    -1.00000000000000     
           0            17            11             2    -1.00000000000000     
           0            19            11             2    -1.00000000000000     
           0            21            11             2    -1.00000000000000     
           0            23            11             2    -1.00000000000000     
           0            25            11             2    -1.00000000000000     
           0            27            11             2    -1.00000000000000     
           0            29            11             2    -1.00000000000000     
           0            31            11             2    -1.00000000000000     
           0             0            12             2    -1.00000000000000     
           0             2            12             2    -1.00000000000000     
           0             4            12             2    -1.00000000000000     
           0             6            12             2    -1.00000000000000     
           0             8            12             2    -1.00000000000000     
           0            10            12             2    -1.00000000000000     
           0            12            12             2    -1.00000000000000     
           0            14            12             2    -1.00000000000000     
           0            16            12             2    -1.00000000000000     
           0            18            12             2    -1.00000000000000     
           0            20            12             2    -1.00000000000000     
           0            22            12             2    -1.00000000000000     
           0            24            12             2    -1.00000000000000     
           0            26            12             2    -1.00000000000000     
           0            28            12             2    -1.00000000000000     
           0            30            12             2    -1.00000000000000     
           0             1            13             2    -1.00000000000000     
           0             3            13             2    -1.00000000000000     
           0             5            13             2    -1.00000000000000     
           0             7            13             2    -1.00000000000000     
           0             9            13             2    -1.00000000000000     
           0            11            13             2    -1.00000000000000     
           0            13            13             2    -1.00000000000000     
           0            15            13             2    -1.00000000000000     
           0            17            13             2    -1.00000000000000     
           0            19            13             2    -1.00000000000000     
           0            21            13             2    -1.00000000000000     
           0            23            13             2    -1.00000000000000     
           0            25            13             2    -1.00000000000000     
           0            27            13             2    -1.00000000000000     
           0            29            13             2    -1.00000000000000     
           0            31            13             2    -1.00000000000000     
           0             0            14             2    -1.00000000000000     
           0             2            14             2    -1.00000000000000     
           0             4            14             2    -1.00000000000000     
           0             6            14             2    -1.00000000000000     
           0             8            14             2    -1.00000000000000     
           0            10            14             2    -1.00000000000000     
           0            12            14             2    -1.00000000000000     
           0            14            14             2    -1.00000000000000     
           0            16            14             2    -1.00000000000000     
           0            18            14             2    -1.00000000000000     
           0            20            14             2    -1.00000000000000     
           0            22            14             2    -1.00000000000000     
           0            24            14             2    -1.00000000000000     
           0            26            14             2    -1.00000000000000     
           0            28            14             2    -1.00000000000000     
           0            30            14             2    -1.00000000000000     
           0             1            15             2    -1.00000000000000     
           0             3            15             2    -1.00000000000000     
           0             5            15             2    -1.00000000000000     
           0             7            15             2    -1.00000000000000     
           0             9            15             2    -1.00000000000000     
           0            11            15             2    -1.00000000000000     
           0            13            15             2    -1.00000000000000     
           0            15            15             2    -1.00000000000000     
           0            17            15             2    -1.00000000000000     
           0            19            15             2    -1.00000000000000     
           0            21            15             2    -1.00000000000000     
           0            23            15             2    -1.00000000000000     
           0            25            15             2    -1.00000000000000     
           0            27            15             2    -1.00000000000000     
           0            29            15             2    -1.00000000000000     
           0            31            15             2    -1.00000000000000     
           0             0            16             2    -1.00000000000000     
           0             2            16             2    -1.00000000000000     
           0             4            16             2    -1.00000000000000     
           0             6            16             2    -1.00000000000000     
           0             8            16             2    -1.00000000000000     
           0            10            16             2    -1.00000000000000     
           0            12            16             2    -1.00000000000000     
           0            14            16             2    -1.00000000000000     
           0            16            16             2    -1.00000000000000     
           0            18            16             2    -1.00000000000000     
           0            20            16             2    -1.00000000000000     
           0            22            16             2    -1.00000000000000     
           0            24            16             2    -1.00000000000000     
           0            26            16             2    -1.00000000000000     
           0            28            16             2    -1.00000000000000     
           0            30            16             2    -1.00000000000000     
           0             1            17             2    -1.00000000000000     
           0             3            17             2    -1.00000000000000     
           0             5            17             2    -1.00000000000000     
           0             7            17             2    -1.00000000000000     
           0             9            17             2    -1.00000000000000     
           0            11            17             2    -1.00000000000000     
           0            13            17             2    -1.00000000000000     
           0            15            17             2    -1.00000000000000     
           0            17            17             2    -1.00000000000000     
           0            19            17             2    -1.00000000000000     
           0            21            17             2    -1.00000000000000     
           0            23            17             2    -1.00000000000000     
           0            25            17             2    -1.00000000000000     
           0            27            17             2    -1.00000000000000     
           0            29            17             2    -1.00000000000000     
           0            31            17             2    -1.00000000000000     
           0             0            18             2    -1.00000000000000     
           0             2            18             2    -1.00000000000000     
           0             4            18             2    -1.00000000000000     
           0             6            18             2    -1.00000000000000     
           0             8            18             2    -1.00000000000000     
           0            10            18             2    -1.00000000000000     
           0            12            18             2    -1.00000000000000     
           0            14            18             2    -1.00000000000000     
           0            16            18             2    -1.00000000000000     
           0            18            18             2    -1.00000000000000     
           0            20            18             2    -1.00000000000000     
           0            22            18             2    -1.00000000000000     
           0            24            18             2    -1.00000000000000     
           0            26            18             2    -1.00000000000000     
           0            28            18             2    -1.00000000000000     
           0            30            18             2    -1.00000000000000     
           0             1            19             2    -1.00000000000000     
           0             3            19             2    -1.00000000000000     
           0             5            19             2    -1.00000000000000     
           0             7            19             2    -1.00000000000000     
           0             9            19             2    -1.00000000000000     
           0            11            19             2    -1.00000000000000     
           0            13            19             2    -1.00000000000000     
           0            15            19             2    -1.00000000000000     
           0            17            19             2    -1.00000000000000     
           0            19            19             2    -1.00000000000000     
           0            21            19             2    -1.00000000000000     
           0            23            19             2    -1.00000000000000     
           0            25            19             2    -1.00000000000000     
           0            27            19             2    -1.00000000000000     
           0            29            19             2    -1.00000000000000     
           0            31            19             2    -1.00000000000000     
           0             0            20             2    -1.00000000000000     
           0             2            20             2    -1.00000000000000     
           0             4            20             2    -1.00000000000000     
           0             6            20             2    -1.00000000000000     
           0             8            20             2    -1.00000000000000     
           0            10            20             2    -1.00000000000000     
           0            12            20             2    -1.00000000000000     
           0            14            20             2    -1.00000000000000     
           0            16            20             2    -1.00000000000000     
           0            18            20             2    -1.00000000000000     
           0            20            20             2    -1.00000000000000     
           0            22            20             2    -1.00000000000000     
           0            24            20             2    -1.00000000000000     
           0            26            20             2    -1.00000000000000     
           0            28            20             2    -1.00000000000000     
           0            30            20             2    -1.00000000000000     
           0             1            21             2    -1.00000000000000     
           0             3            21             2    -1.00000000000000     
           0             5            21             2    -1.00000000000000     
           0             7            21             2    -1.00000000000000     
           0             9            21             2    -1.00000000000000     
           0            11            21             2    -1.00000000000000     
           0            13            21             2    -1.00000000000000     
           0            15            21             2    -1.00000000000000     
           0            17            21             2    -1.00000000000000     
           0            19            21             2    -1.00000000000000     
           0            21            21             2    -1.00000000000000     
           0            23            21             2    -1.00000000000000     
           0            25            21             2    -1.00000000000000     
           0            27            21             2    -1.00000000000000     
           0            29            21             2    -1.00000000000000     
           0            31            21             2    -1.00000000000000     
           0             0            22             2    -1.00000000000000     
           0             2            22             2    -1.00000000000000     
           0             4            22             2    -1.00000000000000     
           0             6            22             2    -1.00000000000000     
           0             8            22             2    -1.00000000000000     
           0            10            22             2    -1.00000000000000     
           0            12            22             2    -1.00000000000000     
           0            14            22             2    -1.00000000000000     
           0            16            22             2    -1.00000000000000     
           0            18            22             2    -1.00000000000000     
           0            20            22             2    -1.00000000000000     
           0            22            22             2    -1.00000000000000     
           0            24            22             2    -1.00000000000000     
           0            26            22             2    -1.00000000000000     
           0            28            22             2    -1.00000000000000     
           0            30            22             2    -1.00000000000000     
           0             1            23             2    -1.00000000000000     
           0             3            23             2    -1.00000000000000     
           0             5            23             2    -1.00000000000000     
           0             7            23             2    -1.00000000000000     
           0             9            23             2    -1.00000000000000     
           0            11            23             2    -1.00000000000000     
           0            13            23             2    -1.00000000000000     
           0            15            23             2    -1.00000000000000     
           0            17            23             2    -1.00000000000000     
           0            19            23             2    -1.00000000000000     
           0            21            23             2    -1.00000000000000     
           0            23            23             2    -1.00000000000000     
           0            25            23             2    -1.00000000000000     
           0            27            23             2    -1.00000000000000     
           0            29            23             2    -1.00000000000000     
           0            31            23             2    -1.00000000000000     
           0             0            24             2    -1.00000000000000     
           0             2            24             2    -1.00000000000000     
           0             4            24             2    -1.00000000000000     
           0             6            24             2    -1.00000000000000     
           0             8            24             2    -1.00000000000000     
           0            10            24             2    -1.00000000000000     
           0            12            24             2    -1.00000000000000     
           0            14            24             2    -1.00000000000000     
           0            16            24             2    -1.00000000000000     
           0            18            24             2    -1.00000000000000     
           0            20            24             2    -1.00000000000000     
           0            22            24             2    -1.00000000000000     
           0            24            24             2    -1.00000000000000     
           0            26            24             2    -1.00000000000000     
           0            28            24             2    -1.00000000000000     
           0            30            24             2    -1.00000000000000     
           0             1            25             2    -1.00000000000000     
           0             3            25             2    -1.00000000000000     
           0             5            25             2    -1.00000000000000     
           0             7            25             2    -1.00000000000000     
           0             9            25             2    -1.00000000000000     
           0            11            25             2    -1.00000000000000     
           0            13            25             2    -1.00000000000000     
           0            15            25             2    -1.00000000000000     
           0            17            25             2    -1.00000000000000     
           0            19            25             2    -1.00000000000000     
           0            21            25             2    -1.00000000000000     
           0            23            25             2    -1.00000000000000     
           0            25            25             2    -1.00000000000000     
           0            27            25             2    -1.00000000000000     
           0            29            25             2    -1.00000000000000     
           0            31            25             2    -1.00000000000000     
           0             0            26             2    -1.00000000000000     
           0             2            26             2    -1.00000000000000     
           0             4            26             2    -1.00000000000000     
           0             6            26             2    -1.00000000000000     
           0             8            26             2    -1.00000000000000     
           0            10            26             2    -1.00000000000000     
           0            12            26             2    -1.00000000000000     
           0            14            26             2    -1.00000000000000     
           0            16            26             2    -1.00000000000000     
           0            18            26             2    -1.00000000000000     
           0            20            26             2    -1.00000000000000     
           0            22            26             2    -1.00000000000000     
           0            24            26             2    -1.00000000000000     
           0            26            26             2    -1.00000000000000     
           0            28            26             2    -1.00000000000000     
           0            30            26             2    -1.00000000000000     
           0             1            27             2    -1.00000000000000     
           0             3            27             2    -1.00000000000000     
           0             5            27             2    -1.00000000000000     
           0             7            27             2    -1.00000000000000     
           0             9            27             2    -1.00000000000000     
           0            11            27             2    -1.00000000000000     
           0            13            27             2    -1.00000000000000     
           0            15            27             2    -1.00000000000000     
           0            17            27             2    -1.00000000000000     
           0            19            27             2    -1.00000000000000     
           0            21            27             2    -1.00000000000000     
           0            23            27             2    -1.00000000000000     
           0            25            27             2    -1.00000000000000     
           0            27            27             2    -1.00000000000000     
           0            29            27             2    -1.00000000000000     
           0            31            27             2    -1.00000000000000     
           0             0            28             2    -1.00000000000000     
           0             2            28             2    -1.00000000000000     
           0             4            28             2    -1.00000000000000     
           0             6            28             2    -1.00000000000000     
           0             8            28             2    -1.00000000000000     
           0            10            28             2    -1.00000000000000     
           0            12            28             2    -1.00000000000000     
           0            14            28             2    -1.00000000000000     
           0            16            28             2    -1.00000000000000     
           0            18            28             2    -1.00000000000000     
           0            20            28             2    -1.00000000000000     
           0            22            28             2    -1.00000000000000     
           0            24            28             2    -1.00000000000000     
           0            26            28             2    -1.00000000000000     
           0            28            28             2    -1.00000000000000     
           0            30            28             2    -1.00000000000000     
           0             1            29             2    -1.00000000000000     
           0             3            29             2    -1.00000000000000     
           0             5            29             2    -1.00000000000000     
           0             7            29             2    -1.00000000000000     
           0             9            29             2    -1.00000000000000     
           0            11            29             2    -1.00000000000000     
           0            13            29             2    -1.00000000000000     
           0            15            29             2    -1.00000000000000     
           0            17            29             2    -1.00000000000000     
           0            19            29             2    -1.00000000000000     
           0            21            29             2    -1.00000000000000     
           0            23            29             2    -1.00000000000000     
           0            25            29             2    -1.00000000000000     
           0            27            29             2    -1.00000000000000     
           0            29            29             2    -1.00000000000000     
           0            31            29             2    -1.00000000000000     
           0             0            30             2    -1.00000000000000     
           0             2            30             2    -1.00000000000000     
           0             4            30             2    -1.00000000000000     
           0             6            30             2    -1.00000000000000     
           0             8            30             2    -1.00000000000000     
           0            10            30             2    -1.00000000000000     
           0            12            30             2    -1.00000000000000     
           0            14            30             2    -1.00000000000000     
           0            16            30             2    -1.00000000000000     
           0            18            30             2    -1.00000000000000     
           0            20            30             2    -1.00000000000000     
           0            22            30             2    -1.00000000000000     
           0            24            30             2    -1.00000000000000     
           0            26            30             2    -1.00000000000000     
           0            28            30             2    -1.00000000000000     
           0            30            30             2    -1.00000000000000     
           0             1            31             2    -1.00000000000000     
           0             3            31             2    -1.00000000000000     
           0             5            31             2    -1.00000000000000     
           0             7            31             2    -1.00000000000000     
           0             9            31             2    -1.00000000000000     
           0            11            31             2    -1.00000000000000     
           0            13            31             2    -1.00000000000000     
           0            15            31             2    -1.00000000000000     
           0            17            31             2    -1.00000000000000     
           0            19            31             2    -1.00000000000000     
           0            21            31             2    -1.00000000000000     
           0            23            31             2    -1.00000000000000     
           0            25            31             2    -1.00000000000000     
           0            27            31             2    -1.00000000000000     
           0            29            31             2    -1.00000000000000     
           0            31            31             2    -1.00000000000000     
MultiGrid: Initial rhs                = 135.516568492921
MultiGrid: Initial residual           = 135.516568492921
