Using Dirichlet or Neumann boundary conditions.
Grid resolution : 128 (cells)
Domain size     : 1 (length unit) 
Max_grid_size   : 32 (cells)
Number of grids : 64
Sum of RHS      : -3.72098185597025e-16
----------------------------------------
Solving with BoxLib C++ solver 
MultiGrid: Initial rhs                = 135.516568492921
MultiGrid: Initial residual           = 135.516568492921
0 0 0 1056 2
0 2 0 1120 2
0 4 0 1184 2
0 6 0 1248 2
0 8 0 1312 2
0 10 0 1376 2
0 12 0 1440 2
0 14 0 1504 2
0 16 0 1568 2
0 18 0 1632 2
0 20 0 1696 2
0 22 0 1760 2
0 24 0 1824 2
0 26 0 1888 2
0 28 0 1952 2
0 30 0 2016 2
0 1 1 2112 2
0 3 1 2176 2
0 5 1 2240 2
0 7 1 2304 2
0 9 1 2368 2
0 11 1 2432 2
0 13 1 2496 2
0 15 1 2560 2
0 17 1 2624 2
0 19 1 2688 2
0 21 1 2752 2
0 23 1 2816 2
0 25 1 2880 2
0 27 1 2944 2
0 29 1 3008 2
0 31 1 3072 2
0 0 2 3104 2
0 2 2 3168 2
0 4 2 3232 2
0 6 2 3296 2
0 8 2 3360 2
0 10 2 3424 2
0 12 2 3488 2
0 14 2 3552 2
0 16 2 3616 2
0 18 2 3680 2
0 20 2 3744 2
0 22 2 3808 2
0 24 2 3872 2
0 26 2 3936 2
0 28 2 4000 0
0 30 2 4064 0
0 1 3 4160 0
0 3 3 4224 0
0 5 3 4288 2
0 7 3 4352 0
0 9 3 4416 0
0 11 3 4480 0
0 13 3 4544 2
0 15 3 4608 0
0 17 3 4672 0
0 19 3 4736 0
0 21 3 4800 2
0 23 3 4864 0
0 25 3 4928 0
0 27 3 4992 0
0 29 3 5056 0
0 31 3 5120 0
0 0 4 5152 0
0 2 4 5216 2
0 4 4 5280 0
0 6 4 5344 0
0 8 4 5408 0
0 10 4 5472 2
0 12 4 5536 0
0 14 4 5600 0
0 16 4 5664 0
0 18 4 5728 0
0 20 4 5792 0
0 22 4 5856 0
0 24 4 5920 0
0 26 4 5984 0
0 28 4 6048 0
0 30 4 6112 0
0 1 5 6208 0
0 3 5 6272 0
0 5 5 6336 0
0 7 5 6400 0
0 9 5 6464 0
0 11 5 6528 0
0 13 5 6592 0
0 15 5 6656 0
0 17 5 6720 0
0 19 5 6784 0
0 21 5 6848 0
0 23 5 6912 0
0 25 5 6976 2
0 27 5 7040 0
0 29 5 7104 2
0 31 5 7168 2
0 0 6 7200 2
0 2 6 7264 2
0 4 6 7328 2
0 6 6 7392 2
0 8 6 7456 2
0 10 6 7520 0
0 12 6 7584 0
0 14 6 7648 0
0 16 6 7712 0
0 18 6 7776 0
0 20 6 7840 0
0 22 6 7904 2
0 24 6 7968 0
0 26 6 8032 0
0 28 6 8096 0
0 30 6 8160 2
0 1 7 8256 0
0 3 7 8320 0
0 5 7 8384 0
0 7 7 8448 0
0 9 7 8512 0
0 11 7 8576 2
0 13 7 8640 0
0 15 7 8704 0
0 17 7 8768 0
0 19 7 8832 2
0 21 7 8896 0
0 23 7 8960 0
0 25 7 9024 0
0 27 7 9088 2
0 29 7 9152 0
0 31 7 9216 0
0 0 8 9248 2
0 2 8 9312 0
0 4 8 9376 0
0 6 8 9440 0
0 8 8 9504 2
0 10 8 9568 0
0 12 8 9632 0
0 14 8 9696 0
0 16 8 9760 2
0 18 8 9824 0
0 20 8 9888 0
0 22 8 9952 0
0 24 8 10016 0
0 26 8 10080 0
0 28 8 10144 0
0 30 8 10208 0
0 1 9 10304 0
0 3 9 10368 0
0 5 9 10432 2
0 7 9 10496 0
0 9 9 10560 0
0 11 9 10624 2
0 13 9 10688 2
0 15 9 10752 2
0 17 9 10816 2
0 19 9 10880 2
0 21 9 10944 2
0 23 9 11008 2
0 25 9 11072 0
0 27 9 11136 0
0 29 9 11200 0
0 31 9 11264 0
0 0 10 11296 2
0 2 10 11360 0
0 4 10 11424 0
0 6 10 11488 0
0 8 10 11552 2
0 10 10 11616 0
0 12 10 11680 0
0 14 10 11744 0
0 16 10 11808 0
0 18 10 11872 0
0 20 10 11936 0
0 22 10 12000 0
0 24 10 12064 0
0 26 10 12128 0
0 28 10 12192 0
0 30 10 12256 0
0 1 11 12352 0
0 3 11 12416 0
0 5 11 12480 0
0 7 11 12544 0
0 9 11 12608 0
0 11 11 12672 0
0 13 11 12736 0
0 15 11 12800 0
0 17 11 12864 0
0 19 11 12928 0
0 21 11 12992 0
0 23 11 13056 2
0 25 11 13120 0
0 27 11 13184 0
0 29 11 13248 0
0 31 11 13312 2
0 0 12 13344 0
0 2 12 13408 0
0 4 12 13472 0
0 6 12 13536 0
0 8 12 13600 0
0 10 12 13664 0
0 12 12 13728 2
0 14 12 13792 0
0 16 12 13856 0
0 18 12 13920 0
0 20 12 13984 2
0 22 12 14048 0
0 24 12 14112 0
0 26 12 14176 2
0 28 12 14240 2
0 30 12 14304 2
0 1 13 14400 2
0 3 13 14464 2
0 5 13 14528 2
0 7 13 14592 2
0 9 13 14656 2
0 11 13 14720 2
0 13 13 14784 2
0 15 13 14848 2
0 17 13 14912 2
0 19 13 14976 2
0 21 13 15040 2
0 23 13 15104 2
0 25 13 15168 2
0 27 13 15232 2
0 29 13 15296 2
0 31 13 15360 2
0 0 14 15392 2
0 2 14 15456 2
0 4 14 15520 2
0 6 14 15584 2
0 8 14 15648 2
0 10 14 15712 2
0 12 14 15776 2
0 14 14 15840 2
0 16 14 15904 2
0 18 14 15968 2
0 20 14 16032 2
0 22 14 16096 2
0 24 14 16160 2
0 26 14 16224 2
0 28 14 16288 2
0 30 14 16352 2
0 1 15 16448 2
0 3 15 16512 2
0 5 15 16576 2
0 7 15 16640 2
0 9 15 16704 2
0 11 15 16768 2
0 13 15 16832 2
0 15 15 16896 2
0 17 15 16960 2
0 19 15 17024 2
0 21 15 17088 2
0 23 15 17152 2
0 25 15 17216 2
0 27 15 17280 2
0 29 15 17344 2
0 31 15 17408 2
0 0 16 17440 2
0 2 16 17504 2
0 4 16 17568 2
0 6 16 17632 2
0 8 16 17696 2
0 10 16 17760 2
0 12 16 17824 2
0 14 16 17888 2
0 16 16 17952 2
0 18 16 18016 2
0 20 16 18080 2
0 22 16 18144 2
0 24 16 18208 2
0 26 16 18272 2
0 28 16 18336 2
0 30 16 18400 2
0 1 17 18496 2
0 3 17 18560 2
0 5 17 18624 2
0 7 17 18688 2
0 9 17 18752 2
0 11 17 18816 2
0 13 17 18880 2
0 15 17 18944 2
0 17 17 19008 2
0 19 17 19072 2
0 21 17 19136 2
0 23 17 19200 2
0 25 17 19264 2
0 27 17 19328 2
0 29 17 19392 2
0 31 17 19456 2
0 0 18 19488 2
0 2 18 19552 2
0 4 18 19616 2
0 6 18 19680 2
0 8 18 19744 2
0 10 18 19808 2
0 12 18 19872 2
0 14 18 19936 2
0 16 18 20000 2
0 18 18 20064 2
0 20 18 20128 2
0 22 18 20192 2
0 24 18 20256 2
0 26 18 20320 2
0 28 18 20384 2
0 30 18 20448 2
0 1 19 20544 2
0 3 19 20608 2
0 5 19 20672 2
0 7 19 20736 2
0 9 19 20800 2
0 11 19 20864 2
0 13 19 20928 2
0 15 19 20992 2
0 17 19 21056 2
0 19 19 21120 2
0 21 19 21184 2
0 23 19 21248 2
0 25 19 21312 2
0 27 19 21376 2
0 29 19 21440 2
0 31 19 21504 2
0 0 20 21536 2
0 2 20 21600 2
0 4 20 21664 2
0 6 20 21728 2
0 8 20 21792 2
0 10 20 21856 2
0 12 20 21920 2
0 14 20 21984 2
0 16 20 22048 2
0 18 20 22112 2
0 20 20 22176 2
0 22 20 22240 2
0 24 20 22304 2
0 26 20 22368 2
0 28 20 22432 2
0 30 20 22496 2
0 1 21 22592 2
0 3 21 22656 2
0 5 21 22720 2
0 7 21 22784 2
0 9 21 22848 2
0 11 21 22912 2
0 13 21 22976 2
0 15 21 23040 2
0 17 21 23104 2
0 19 21 23168 2
0 21 21 23232 2
0 23 21 23296 2
0 25 21 23360 2
0 27 21 23424 2
0 29 21 23488 2
0 31 21 23552 2
0 0 22 23584 2
0 2 22 23648 2
0 4 22 23712 2
0 6 22 23776 2
0 8 22 23840 2
0 10 22 23904 2
0 12 22 23968 2
0 14 22 24032 2
0 16 22 24096 2
0 18 22 24160 2
0 20 22 24224 2
0 22 22 24288 2
0 24 22 24352 2
0 26 22 24416 2
0 28 22 24480 2
0 30 22 24544 2
0 1 23 24640 2
0 3 23 24704 2
0 5 23 24768 2
0 7 23 24832 3528
0 9 23 24896 2
0 11 23 24960 2
0 13 23 25024 2
0 15 23 25088 2
0 17 23 25152 2
0 19 23 25216 2
0 21 23 25280 2
0 23 23 25344 2
0 25 23 25408 2
0 27 23 25472 2
0 29 23 25536 2
0 31 23 25600 2
0 0 24 25632 2
0 2 24 25696 2
0 4 24 25760 2
0 6 24 25824 2
0 8 24 25888 2
0 10 24 25952 2
0 12 24 26016 2
0 14 24 26080 2
0 16 24 26144 2
0 18 24 26208 2
0 20 24 26272 2
0 22 24 26336 2
0 24 24 26400 2
0 26 24 26464 2
0 28 24 26528 2
0 30 24 26592 2
0 1 25 26688 2
0 3 25 26752 2
0 5 25 26816 2
0 7 25 26880 2
0 9 25 26944 2
0 11 25 27008 2
0 13 25 27072 2
0 15 25 27136 2
0 17 25 27200 2
0 19 25 27264 2
0 21 25 27328 2
0 23 25 27392 2
0 25 25 27456 2
0 27 25 27520 2
0 29 25 27584 2
0 31 25 27648 2
0 0 26 27680 2
0 2 26 27744 2
0 4 26 27808 2
0 6 26 27872 2
0 8 26 27936 2
0 10 26 28000 2
0 12 26 28064 2
0 14 26 28128 2
0 16 26 28192 2
0 18 26 28256 2
0 20 26 28320 2
0 22 26 28384 42
0 24 26 28448 2
0 26 26 28512 2
0 28 26 28576 2
0 30 26 28640 2
0 1 27 28736 2
0 3 27 28800 2
0 5 27 28864 2
0 7 27 28928 2
0 9 27 28992 2
0 11 27 29056 2
0 13 27 29120 2
0 15 27 29184 2
0 17 27 29248 2
0 19 27 29312 2
0 21 27 29376 2
0 23 27 29440 2
0 25 27 29504 2
0 27 27 29568 2
0 29 27 29632 2
0 31 27 29696 2
0 0 28 29728 2
0 2 28 29792 2
0 4 28 29856 2
0 6 28 29920 2
0 8 28 29984 2
0 10 28 30048 2
0 12 28 30112 2
0 14 28 30176 2
0 16 28 30240 2
0 18 28 30304 2
0 20 28 30368 2
0 22 28 30432 2
0 24 28 30496 2
0 26 28 30560 2
0 28 28 30624 2
0 30 28 30688 2
0 1 29 30784 2
0 3 29 30848 2
0 5 29 30912 2
0 7 29 30976 2
0 9 29 31040 2
0 11 29 31104 2
0 13 29 31168 2
0 15 29 31232 2
0 17 29 31296 2
0 19 29 31360 2
0 21 29 31424 2
0 23 29 31488 2
0 25 29 31552 2
0 27 29 31616 2
0 29 29 31680 2
0 31 29 31744 2
0 0 30 31776 2
0 2 30 31840 2
0 4 30 31904 2
0 6 30 31968 2
0 8 30 32032 2
0 10 30 32096 2
0 12 30 32160 2
0 14 30 32224 2
0 16 30 32288 2
0 18 30 32352 2
0 20 30 32416 2
0 22 30 32480 2
0 24 30 32544 2
0 26 30 32608 2
0 28 30 32672 2
0 30 30 32736 2
0 1 31 32832 2
0 3 31 32896 2
0 5 31 32960 2
0 7 31 33024 2
0 9 31 33088 2
0 11 31 33152 2
0 13 31 33216 2
0 15 31 33280 2
0 17 31 33344 2
0 19 31 33408 2
0 21 31 33472 2
0 23 31 33536 2
0 25 31 33600 2
0 27 31 33664 2
0 29 31 33728 2
0 31 31 33792 2
