1
1
1
1
(64 0
((0,0,0) (31,31,31) (0,0,0))
((96,0,0) (127,31,31) (0,0,0))
((64,0,0) (95,31,31) (0,0,0))
((32,0,0) (63,31,31) (0,0,0))
((0,96,0) (31,127,31) (0,0,0))
((0,64,0) (31,95,31) (0,0,0))
((0,32,0) (31,63,31) (0,0,0))
((0,0,96) (31,31,127) (0,0,0))
((0,0,64) (31,31,95) (0,0,0))
((0,0,32) (31,31,63) (0,0,0))
((96,96,0) (127,127,31) (0,0,0))
((96,64,0) (127,95,31) (0,0,0))
((96,32,0) (127,63,31) (0,0,0))
((96,0,96) (127,31,127) (0,0,0))
((96,0,64) (127,31,95) (0,0,0))
((96,0,32) (127,31,63) (0,0,0))
((64,96,0) (95,127,31) (0,0,0))
((64,64,0) (95,95,31) (0,0,0))
((64,32,0) (95,63,31) (0,0,0))
((64,0,96) (95,31,127) (0,0,0))
((64,0,64) (95,31,95) (0,0,0))
((64,0,32) (95,31,63) (0,0,0))
((32,96,0) (63,127,31) (0,0,0))
((32,64,0) (63,95,31) (0,0,0))
((32,32,0) (63,63,31) (0,0,0))
((32,0,96) (63,31,127) (0,0,0))
((32,0,64) (63,31,95) (0,0,0))
((32,0,32) (63,31,63) (0,0,0))
((0,96,96) (31,127,127) (0,0,0))
((0,96,64) (31,127,95) (0,0,0))
((0,96,32) (31,127,63) (0,0,0))
((0,64,96) (31,95,127) (0,0,0))
((0,64,64) (31,95,95) (0,0,0))
((0,64,32) (31,95,63) (0,0,0))
((0,32,96) (31,63,127) (0,0,0))
((0,32,64) (31,63,95) (0,0,0))
((0,32,32) (31,63,63) (0,0,0))
((96,96,96) (127,127,127) (0,0,0))
((96,96,64) (127,127,95) (0,0,0))
((96,96,32) (127,127,63) (0,0,0))
((96,64,96) (127,95,127) (0,0,0))
((96,64,64) (127,95,95) (0,0,0))
((96,64,32) (127,95,63) (0,0,0))
((96,32,96) (127,63,127) (0,0,0))
((96,32,64) (127,63,95) (0,0,0))
((96,32,32) (127,63,63) (0,0,0))
((64,96,96) (95,127,127) (0,0,0))
((64,96,64) (95,127,95) (0,0,0))
((64,96,32) (95,127,63) (0,0,0))
((64,64,96) (95,95,127) (0,0,0))
((64,64,64) (95,95,95) (0,0,0))
((64,64,32) (95,95,63) (0,0,0))
((64,32,96) (95,63,127) (0,0,0))
((64,32,64) (95,63,95) (0,0,0))
((64,32,32) (95,63,63) (0,0,0))
((32,96,96) (63,127,127) (0,0,0))
((32,96,64) (63,127,95) (0,0,0))
((32,96,32) (63,127,63) (0,0,0))
((32,64,96) (63,95,127) (0,0,0))
((32,64,64) (63,95,95) (0,0,0))
((32,64,32) (63,95,63) (0,0,0))
((32,32,96) (63,63,127) (0,0,0))
((32,32,64) (63,63,95) (0,0,0))
((32,32,32) (63,63,63) (0,0,0))
)
64
FabOnDisk: Cell_D_00000 0
FabOnDisk: Cell_D_00000 314524
FabOnDisk: Cell_D_00000 629049
FabOnDisk: Cell_D_00000 943573
FabOnDisk: Cell_D_00000 1258097
FabOnDisk: Cell_D_00000 1572622
FabOnDisk: Cell_D_00000 1887146
FabOnDisk: Cell_D_00000 2201670
FabOnDisk: Cell_D_00000 2516195
FabOnDisk: Cell_D_00000 2830719
FabOnDisk: Cell_D_00000 3145243
FabOnDisk: Cell_D_00000 3459769
FabOnDisk: Cell_D_00000 3774294
FabOnDisk: Cell_D_00000 4088819
FabOnDisk: Cell_D_00000 4403345
FabOnDisk: Cell_D_00000 4717870
FabOnDisk: Cell_D_00000 5032395
FabOnDisk: Cell_D_00000 5346920
FabOnDisk: Cell_D_00000 5661444
FabOnDisk: Cell_D_00000 5975968
FabOnDisk: Cell_D_00000 6290493
FabOnDisk: Cell_D_00000 6605017
FabOnDisk: Cell_D_00000 6919541
FabOnDisk: Cell_D_00000 7234066
FabOnDisk: Cell_D_00000 7548590
FabOnDisk: Cell_D_00000 7863114
FabOnDisk: Cell_D_00000 8177639
FabOnDisk: Cell_D_00000 8492163
FabOnDisk: Cell_D_00000 8806687
FabOnDisk: Cell_D_00000 9121213
FabOnDisk: Cell_D_00000 9435738
FabOnDisk: Cell_D_00000 9750263
FabOnDisk: Cell_D_00000 10064788
FabOnDisk: Cell_D_00000 10379312
FabOnDisk: Cell_D_00000 10693836
FabOnDisk: Cell_D_00000 11008361
FabOnDisk: Cell_D_00000 11322885
FabOnDisk: Cell_D_00000 11637409
FabOnDisk: Cell_D_00000 11951936
FabOnDisk: Cell_D_00000 12266462
FabOnDisk: Cell_D_00000 12580988
FabOnDisk: Cell_D_00000 12895514
FabOnDisk: Cell_D_00000 13210039
FabOnDisk: Cell_D_00000 13524564
FabOnDisk: Cell_D_00000 13839090
FabOnDisk: Cell_D_00000 14153615
FabOnDisk: Cell_D_00000 14468140
FabOnDisk: Cell_D_00000 14782666
FabOnDisk: Cell_D_00000 15097191
FabOnDisk: Cell_D_00000 15411716
FabOnDisk: Cell_D_00000 15726241
FabOnDisk: Cell_D_00000 16040765
FabOnDisk: Cell_D_00000 16355289
FabOnDisk: Cell_D_00000 16669814
FabOnDisk: Cell_D_00000 16984338
FabOnDisk: Cell_D_00000 17298862
FabOnDisk: Cell_D_00000 17613388
FabOnDisk: Cell_D_00000 17927913
FabOnDisk: Cell_D_00000 18242438
FabOnDisk: Cell_D_00000 18556963
FabOnDisk: Cell_D_00000 18871487
FabOnDisk: Cell_D_00000 19186011
FabOnDisk: Cell_D_00000 19500536
FabOnDisk: Cell_D_00000 19815060

64,1
4.4229112540545221e-05,
-9.9932446064509228e-01,
-9.9926540278483611e-01,
-3.8787526594036476e-02,
-9.9932446064509239e-01,
-9.9926540278483600e-01,
-3.8787526594036524e-02,
-9.9932446064509250e-01,
-9.9926540278483611e-01,
-3.8787526594036469e-02,
4.4229112540545276e-05,
-3.8787526594036503e-02,
-9.9926540278483611e-01,
4.4229112540545269e-05,
-3.8787526594036476e-02,
-9.9926540278483600e-01,
-3.8787526594036462e-02,
4.4303977045144259e-05,
-9.9932457495158900e-01,
-3.8787526594036524e-02,
4.4303977045145492e-05,
-9.9932457495158888e-01,
-9.9926540278483611e-01,
-9.9932457495158888e-01,
4.4303977045145418e-05,
-9.9926540278483611e-01,
-9.9932457495158911e-01,
4.4303977045146096e-05,
4.4229112540545282e-05,
-3.8787526594036482e-02,
-9.9926540278483611e-01,
-3.8787526594036469e-02,
4.4303977045143473e-05,
-9.9932457495158888e-01,
-9.9926540278483600e-01,
-9.9932457495158900e-01,
4.4303977045144049e-05,
-9.9932446064509250e-01,
-9.9926540278483611e-01,
-3.8787526594036476e-02,
-9.9926540278483600e-01,
-9.9932457495158888e-01,
4.4303977045148393e-05,
-3.8787526594036496e-02,
4.4303977045148474e-05,
-9.9932457495158888e-01,
-9.9926540278483611e-01,
-9.9932457495158888e-01,
4.4303977045146990e-05,
-9.9932457495158888e-01,
-9.9926551371828254e-01,
-3.8790973763802902e-02,
4.4303977045141677e-05,
-3.8790973763802881e-02,
-9.9926551371828254e-01,
-3.8787526594036476e-02,
4.4303977045147397e-05,
-9.9932457495158888e-01,
4.4303977045141969e-05,
-3.8790973763802847e-02,
-9.9926551371828243e-01,
-9.9932457495158900e-01,
-9.9926551371828265e-01,
-3.8790973763802909e-02,

64,1
9.9932446064508840e-01,
-4.4229112540558544e-05,
3.8787526594041923e-02,
9.9926540278483911e-01,
-4.4229112540558523e-05,
3.8787526594041881e-02,
9.9926540278483911e-01,
-4.4229112540558544e-05,
3.8787526594041902e-02,
9.9926540278483900e-01,
9.9932446064508862e-01,
9.9926540278483911e-01,
3.8787526594041936e-02,
9.9932446064508806e-01,
9.9926540278483877e-01,
3.8787526594041923e-02,
9.9926540278483933e-01,
9.9932457495158278e-01,
-4.4303977046150162e-05,
9.9926540278483877e-01,
9.9932457495158222e-01,
-4.4303977046148962e-05,
3.8787526594041929e-02,
-4.4303977046150182e-05,
9.9932457495158278e-01,
3.8787526594041881e-02,
-4.4303977046149064e-05,
9.9932457495158278e-01,
9.9932446064508862e-01,
9.9926540278483944e-01,
3.8787526594041923e-02,
9.9926540278483922e-01,
9.9932457495158300e-01,
-4.4303977046150995e-05,
3.8787526594041895e-02,
-4.4303977046151022e-05,
9.9932457495158256e-01,
-4.4229112540558591e-05,
3.8787526594041936e-02,
9.9926540278483922e-01,
3.8787526594041943e-02,
-4.4303977046145378e-05,
9.9932457495158289e-01,
9.9926540278483866e-01,
9.9932457495158233e-01,
-4.4303977046146746e-05,
3.8787526594041881e-02,
-4.4303977046147133e-05,
9.9932457495158278e-01,
-4.4303977046152459e-05,
3.8790973763813588e-02,
9.9926551371828432e-01,
9.9932457495158233e-01,
9.9926551371828387e-01,
3.8790973763813519e-02,
9.9926540278483922e-01,
9.9932457495158300e-01,
-4.4303977046147959e-05,
9.9932457495158278e-01,
9.9926551371828432e-01,
3.8790973763813553e-02,
-4.4303977046153394e-05,
3.8790973763813484e-02,
9.9926551371828432e-01,

